1,2,108.44
1,3,48.61
1,25,214.724
1,110,79.893
2,111,90.571
3,107,154.66
3,110,126.62
4,6,1121.25
4,93,668.61
5,6,532.56
7,18,137.056
7,83,482.241
7,94,194.631
8,9,338.856
8,10,162.118
8,11,141.029
8,22,231.056
9,10,281.014
9,11,246.07
9,12,176.6
9,13,299.68
10,19,999.03
10,22,343.045
10,62,118.65
10,63,213.372
11,19,806.154
11,22,150.136
12,13,247.777
14,40,348.99
14,52,534.865
15,16,93.09
15,18,218.692
16,17,140.1
17,18,218.69
17,67,515.61
17,94,183.61
18,94,158.309
19,20,136.99
19,21,575.53
20,21,712.628
20,92,406.12
21,93,553.99
22,88,691.73
22,109,335.41
23,24,58.592
23,25,106.524
23,78,155.27
23,87,498.59
24,80,147.453
24,87,284.88
25,27,145.694
25,38,55.208
26,27,27.24
26,53,127.608
26,78,141.481
26,81,145.492
27,38,186.488
27,57,121.026
27,78,168.079
28,58,117.398
28,59,140.947
28,68,428.172
28,76,221.83
29,30,19.112
29,32,143.665
29,33,154.911
29,42,117.898
29,48,75.179
30,31,41.709
30,71,60.284
30,75,94.472
31,33,153.923
31,75,136.759
31,82,244.132
32,33,27.067
32,46,69.004
32,81,38.433
33,80,38.586
33,82,80.583
34,35,134.782
34,38,317.649
34,56,46.899
35,36,164.665
35,40,190.687
35,56,163.982
36,37,261.458
36,108,161.842
36,111,229.057
37,39,47.957
37,61,96.515
38,57,296.363
38,111,131.154
39,40,29.378
41,45,53.558
41,47,48.828
41,59,109.904
42,46,89.458
42,48,62.554
42,49,58.263
43,44,103.597
43,45,82.565
43,47,157.579
43,54,108.948
44,45,102.002
44,46,79.288
44,49,87.264
44,53,8.41
45,49,102.778
46,49,90.498
46,81,64.175
47,54,203.275
47,59,156.812
48,71,127.791
48,98,113.282
50,54,137.258
50,55,133.966
50,57,89.928
51,52,18.219
51,55,54.472
51,56,176.347
51,57,17.491
52,55,44.674
53,54,36.109
53,57,204.089
55,58,467.737
56,57,207.39
58,59,29.58
59,76,98.106
59,77,248.426
60,61,164.66
60,90,279.43
60,108,233.387
62,63,96.01
62,95,184.46
63,86,259.42
63,95,247.6
63,96,306.569
64,65,281.909
64,67,107.04
65,68,261.41
65,73,284.521
65,74,367.61
66,67,287.22
66,68,259.142
69,70,130.195
69,72,112.616
69,74,64.3
69,75,153.751
69,104,259.352
70,71,100.751
70,72,15.833
70,97,96.814
70,99,238.642
71,75,51.921
71,97,169.121
71,98,128.443
72,73,113.855
72,77,51.908
73,74,148.6
73,76,34.25
73,77,156.97
74,104,218.362
75,99,289.473
75,103,128.693
77,98,85.059
78,80,18.245
78,81,34.422
79,82,133.462
79,87,84.147
80,81,30.801
80,82,64.871
83,84,214.79
84,106,179.44
85,106,102.35
86,87,491.06
86,110,346.38
87,96,362.772
87,101,393.32
88,90,226
88,91,294.792
89,91,197.74
89,92,211.411
92,93,565.38
95,96,584.5
97,98,45.549
99,100,9.277
99,101,264.69
99,102,132.843
99,104,96.784
100,102,140.755
100,104,104.696
101,103,65.42
102,104,36.695
103,104,285.31
105,106,110.13
107,108,159.768
107,109,171.06
107,110,199.911
108,109,329.15
108,111,174.01
109,110,306.68
2,1,108.44
3,1,48.61
25,1,214.724
110,1,79.893
111,2,90.571
107,3,154.66
110,3,126.62
6,4,1121.25
93,4,668.61
6,5,532.56
18,7,137.056
83,7,482.241
94,7,194.631
9,8,338.856
10,8,162.118
11,8,141.029
22,8,231.056
10,9,281.014
11,9,246.07
12,9,176.6
13,9,299.68
19,10,999.03
22,10,343.045
62,10,118.65
63,10,213.372
19,11,806.154
22,11,150.136
13,12,247.777
40,14,348.99
52,14,534.865
16,15,93.09
18,15,218.692
17,16,140.1
18,17,218.69
67,17,515.61
94,17,183.61
94,18,158.309
20,19,136.99
21,19,575.53
21,20,712.628
92,20,406.12
93,21,553.99
88,22,691.73
109,22,335.41
24,23,58.592
25,23,106.524
78,23,155.27
87,23,498.59
80,24,147.453
87,24,284.88
27,25,145.694
38,25,55.208
27,26,27.24
53,26,127.608
78,26,141.481
81,26,145.492
38,27,186.488
57,27,121.026
78,27,168.079
58,28,117.398
59,28,140.947
68,28,428.172
76,28,221.83
30,29,19.112
32,29,143.665
33,29,154.911
42,29,117.898
48,29,75.179
31,30,41.709
71,30,60.284
75,30,94.472
33,31,153.923
75,31,136.759
82,31,244.132
33,32,27.067
46,32,69.004
81,32,38.433
80,33,38.586
82,33,80.583
35,34,134.782
38,34,317.649
56,34,46.899
36,35,164.665
40,35,190.687
56,35,163.982
37,36,261.458
108,36,161.842
111,36,229.057
39,37,47.957
61,37,96.515
57,38,296.363
111,38,131.154
40,39,29.378
45,41,53.558
47,41,48.828
59,41,109.904
46,42,89.458
48,42,62.554
49,42,58.263
44,43,103.597
45,43,82.565
47,43,157.579
54,43,108.948
45,44,102.002
46,44,79.288
49,44,87.264
53,44,8.41
49,45,102.778
49,46,90.498
81,46,64.175
54,47,203.275
59,47,156.812
71,48,127.791
98,48,113.282
54,50,137.258
55,50,133.966
57,50,89.928
52,51,18.219
55,51,54.472
56,51,176.347
57,51,17.491
55,52,44.674
54,53,36.109
57,53,204.089
58,55,467.737
57,56,207.39
59,58,29.58
76,59,98.106
77,59,248.426
61,60,164.66
90,60,279.43
108,60,233.387
63,62,96.01
95,62,184.46
86,63,259.42
95,63,247.6
96,63,306.569
65,64,281.909
67,64,107.04
68,65,261.41
73,65,284.521
74,65,367.61
67,66,287.22
68,66,259.142
70,69,130.195
72,69,112.616
74,69,64.3
75,69,153.751
104,69,259.352
71,70,100.751
72,70,15.833
97,70,96.814
99,70,238.642
75,71,51.921
97,71,169.121
98,71,128.443
73,72,113.855
77,72,51.908
74,73,148.6
76,73,34.25
77,73,156.97
104,74,218.362
99,75,289.473
103,75,128.693
98,77,85.059
80,78,18.245
81,78,34.422
82,79,133.462
87,79,84.147
81,80,30.801
82,80,64.871
84,83,214.79
106,84,179.44
106,85,102.35
87,86,491.06
110,86,346.38
96,87,362.772
101,87,393.32
90,88,226
91,88,294.792
91,89,197.74
92,89,211.411
93,92,565.38
96,95,584.5
98,97,45.549
100,99,9.277
101,99,264.69
102,99,132.843
104,99,96.784
102,100,140.755
104,100,104.696
103,101,65.42
104,102,36.695
104,103,285.31
106,105,110.13
108,107,159.768
109,107,171.06
110,107,199.911
109,108,329.15
111,108,174.01
110,109,306.68
